0
0.0 0.0
1.0 0.0
2.0 0.0
3.0 1.4701329520399042
4.0 1000.0
5.0 1000.0
6.0 389.4295843451463
7.0 0.0
8.0 0.0
9.0 0.0
1
0.0 636.4511381365627
1.0 0.0
2.0 0.0
3.0 0.0
4.0 837.5611369177483
5.0 329.9200175971571
6.0 0.0
7.0 0.0
8.0 0.0
9.0 123.88462292627977
2
0.0 0.0
1.0 0.0
2.0 0.0
3.0 0.0
4.0 644.292944426339
5.0 806.4395821835735
6.0 536.4229015644106
7.0 0.0
8.0 0.0
9.0 0.0
3
0.0 0.0
1.0 0.0
2.0 0.0
3.0 612.8323457912747
4.0 550.7456539167204
5.0 1000.0
6.0 1000.0
7.0 1000.0
8.0 704.5285937057395
9.0 0.0
4
0.0 0.0
1.0 0.0
2.0 0.0
3.0 0.0
4.0 0.0
5.0 0.0
6.0 44.10021800794084
7.0 71.85797980920495
8.0 1000.0
9.0 1000.0
5
0.0 0.0
1.0 631.4729922719611
2.0 1000.0
3.0 787.0163235098788
4.0 0.0
5.0 0.0
6.0 0.0
7.0 0.0
8.0 0.0
9.0 0.0
6
0.0 0.0
1.0 189.9011057664509
2.0 238.0843617833699
3.0 1000.0
4.0 1000.0
5.0 373.4310669847627
6.0 0.0
7.0 0.0
8.0 0.0
9.0 44.31399703616279
7
0.0 0.0
1.0 440.6651058386429
2.0 1000.0
3.0 201.36235902866505
4.0 0.0
5.0 0.0
6.0 0.0
7.0 0.0
8.0 835.9980926062516
9.0 1000.0
8
0.0 0.0
1.0 0.0
2.0 0.0
3.0 646.0333140932581
4.0 992.3357646421271
5.0 39.34944799844153
6.0 0.0
7.0 0.0
8.0 0.0
9.0 0.0
9
0.0 778.9739401398422
1.0 0.0
2.0 404.8872772461347
3.0 53.36694710537859
4.0 703.3571579035978
5.0 442.70911272665893
6.0 0.0
7.0 830.2561493554758
8.0 1000.0
9.0 1000.0
10
0.0 0.0
1.0 0.0
2.0 991.5612172115289
3.0 1000.0
4.0 1000.0
5.0 188.51149533332114
6.0 754.9416400144313
7.0 1000.0
8.0 1000.0
9.0 1000.0
11
0.0 203.9147336591789
1.0 0.0
2.0 0.0
3.0 0.0
4.0 0.0
5.0 0.0
6.0 0.0
7.0 441.4089676706423
8.0 0.0
9.0 0.0
12
0.0 0.0
1.0 0.0
2.0 0.0
3.0 507.4371981682342
4.0 0.0
5.0 0.0
6.0 516.6082929285602
7.0 126.22584715495665
8.0 0.0
9.0 0.0
13
0.0 0.0
1.0 0.0
2.0 0.0
3.0 0.0
4.0 0.0
5.0 506.1530630837723
6.0 568.7631685750869
7.0 0.0
8.0 352.5229858493102
9.0 1000.0
14
0.0 0.0
1.0 0.0
2.0 0.0
3.0 0.0
4.0 0.0
5.0 0.0
6.0 0.0
7.0 826.707693074911
8.0 1000.0
9.0 1000.0
15
0.0 0.0
1.0 0.0
2.0 0.0
3.0 0.0
4.0 789.9783081280374
5.0 1000.0
6.0 180.04238228851045
7.0 0.0
8.0 0.0
9.0 102.52783154531109
16
0.0 0.0
1.0 118.20565220974211
2.0 1000.0
3.0 1000.0
4.0 810.0253022238659
5.0 317.25415543794975
6.0 0.0
7.0 0.0
8.0 0.0
9.0 0.0
17
0.0 510.56059295285115
1.0 857.0583531592681
2.0 1000.0
3.0 1000.0
4.0 1000.0
5.0 1000.0
6.0 1000.0
7.0 635.1413443606226
8.0 809.2343411704111
9.0 1000.0
18
0.0 0.0
1.0 0.0
2.0 0.0
3.0 0.0
4.0 0.0
5.0 862.8379941920325
6.0 29.70892860818708
7.0 527.7122652112514
8.0 276.2775582875472
9.0 0.0
19
0.0 0.0
1.0 7.773485312238537
2.0 0.0
3.0 0.0
4.0 0.0
5.0 0.0
6.0 0.0
7.0 371.3693940829401
8.0 1000.0
9.0 1000.0
20
0.0 0.0
1.0 195.6655221466459
2.0 0.0
3.0 0.0
4.0 0.0
5.0 0.0
6.0 0.0
7.0 0.0
8.0 0.0
9.0 0.0
21
0.0 0.0
1.0 0.0
2.0 0.0
3.0 178.77460082813812
4.0 686.3820622042768
5.0 969.3139922417017
6.0 0.0
7.0 0.0
8.0 0.0
9.0 0.0
22
0.0 344.77021520018525
1.0 0.0
2.0 0.0
3.0 0.0
4.0 86.10116212885544
5.0 584.8951355032659
6.0 1000.0
7.0 854.1596543798597
8.0 0.0
9.0 402.35264245574956
23
0.0 0.0
1.0 0.0
2.0 0.0
3.0 0.0
4.0 0.0
5.0 0.0
6.0 25.929372967481434
7.0 1000.0
8.0 259.0649413907711
9.0 0.0
24
0.0 0.0
1.0 0.0
2.0 0.0
3.0 873.2486486358799
4.0 1000.0
5.0 1000.0
6.0 77.84497068000019
7.0 0.0
8.0 0.0
9.0 0.0
25
0.0 0.0
1.0 0.0
2.0 529.4931277258679
3.0 382.5676447876636
4.0 0.0
5.0 0.0
6.0 0.0
7.0 0.0
8.0 0.0
9.0 0.0
26
0.0 0.0
1.0 0.0
2.0 0.0
3.0 0.0
4.0 375.18615593996697
5.0 1000.0
6.0 1000.0
7.0 706.4649754677071
8.0 0.0
9.0 0.0
27
0.0 0.0
1.0 0.0
2.0 0.0
3.0 0.0
4.0 0.0
5.0 0.0
6.0 923.5504213165076
7.0 1000.0
8.0 45.09770470246455
9.0 0.0
28
0.0 0.0
1.0 0.0
2.0 648.7306259380015
3.0 1000.0
4.0 1000.0
5.0 1000.0
6.0 693.9761431977978
7.0 0.0
8.0 0.0
9.0 961.7152961071121
29
0.0 282.42582923069824
1.0 593.8516580202836
2.0 0.0
3.0 0.0
4.0 56.521206750936415
5.0 1000.0
6.0 91.38982445827715
7.0 0.0
8.0 0.0
9.0 0.0
30
0.0 0.0
1.0 4238.847329254964
2.0 5000.0
3.0 5000.0
4.0 5000.0
5.0 2172.3378321383802
6.0 0.0
7.0 0.0
8.0 0.0
9.0 264.5625284356967
31
0.0 0.0
1.0 0.0
2.0 0.0
3.0 0.0
4.0 2298.307775575925
5.0 0.0
6.0 0.0
7.0 0.0
8.0 0.0
9.0 0.0
32
0.0 0.0
1.0 0.0
2.0 0.0
3.0 0.0
4.0 0.0
5.0 2272.9096929033776
6.0 0.0
7.0 0.0
8.0 0.0
9.0 0.0
33
0.0 696.802754791559
1.0 1343.753941321797
2.0 1902.4624301568138
3.0 2695.543808407472
4.0 0.0
5.0 0.0
6.0 0.0
7.0 2740.256936922494
8.0 5000.0
9.0 5000.0
34
0.0 2302.306131550287
1.0 0.0
2.0 412.30744336516966
3.0 3660.2036951986606
4.0 5000.0
5.0 5000.0
6.0 5000.0
7.0 3806.5819388970203
8.0 0.0
9.0 2003.9984224093832
35
0.0 0.0
1.0 0.0
2.0 0.0
3.0 0.0
4.0 0.0
5.0 0.0
6.0 0.0
7.0 3985.492595800011
8.0 0.0
9.0 0.0
36
0.0 0.0
1.0 0.0
2.0 0.0
3.0 0.0
4.0 2735.799603492828
5.0 0.0
6.0 0.0
7.0 0.0
8.0 0.0
9.0 4583.382872163657
37
0.0 3116.1418482727754
1.0 0.0
2.0 590.8862083215193
3.0 3256.489428858773
4.0 0.0
5.0 0.0
6.0 1020.3093946873354
7.0 5000.0
8.0 2286.479503292673
9.0 4024.2709743366236
38
0.0 2426.6011468201486
1.0 4883.993761546336
2.0 5000.0
3.0 3102.285572296708
4.0 0.0
5.0 0.0
6.0 1075.7190391197025
7.0 5000.0
8.0 5000.0
9.0 1347.582352352097
39
0.0 0.0
1.0 1917.6516563550583
2.0 3987.646031045704
3.0 474.77173505911185
4.0 1044.1487811312068
5.0 0.0
6.0 589.9330006269521
7.0 245.79287860555968
8.0 381.7361242232442
9.0 0.0
40
0.0 0.0
1.0 0.0
2.0 0.0
3.0 0.0
4.0 0.0
5.0 0.0
6.0 2676.7773594659516
7.0 632.2041594676131
8.0 0.0
9.0 0.0
41
0.0 0.0
1.0 0.0
2.0 3498.5311422304067
3.0 0.0
4.0 0.0
5.0 0.0
6.0 863.49525722194
7.0 4741.755374981666
8.0 1272.1664182648462
9.0 5000.0
42
0.0 1517.5071202168144
1.0 3319.5812274338
2.0 5000.0
3.0 2943.32345782693
4.0 53.007839337986255
5.0 1341.042606512479
6.0 0.0
7.0 1225.1019881911773
8.0 1172.7392576588659
9.0 4903.360702186399
43
0.0 0.0
1.0 0.0
2.0 0.0
3.0 0.0
4.0 0.0
5.0 0.0
6.0 0.0
7.0 0.0
8.0 0.0
9.0 1531.2704918910304
44
0.0 0.0
1.0 0.0
2.0 134.57911483181206
3.0 0.0
4.0 2090.5139086698377
5.0 3811.491782950602
6.0 0.0
7.0 1533.5152812555996
8.0 4870.467137739167
9.0 0.0
45
0.0 0.0
1.0 0.0
2.0 0.0
3.0 0.0
4.0 3322.8458518103453
5.0 0.0
6.0 0.0
7.0 1303.4362447967585
8.0 5000.0
9.0 5000.0
46
0.0 0.0
1.0 3284.827028202415
2.0 5000.0
3.0 2467.730684005571
4.0 0.0
5.0 199.8667135212706
6.0 0.0
7.0 0.0
8.0 0.0
9.0 0.0
47
0.0 1544.3129877143313
1.0 0.0
2.0 0.0
3.0 237.79361070375592
4.0 919.3372182856696
5.0 0.0
6.0 0.0
7.0 1144.670063599631
8.0 5000.0
9.0 5000.0
48
0.0 0.0
1.0 0.0
2.0 0.0
3.0 0.0
4.0 0.0
5.0 0.0
6.0 153.72107687706028
7.0 0.0
8.0 2749.519625197796
9.0 2033.957856788815
49
0.0 0.0
1.0 1181.3229347504189
2.0 0.0
3.0 0.0
4.0 0.0
5.0 1603.743028536373
6.0 5000.0
7.0 5000.0
8.0 5000.0
9.0 3854.928275698484
