0   0
1   2
2   5
3   15
4   5
5   13
6   1
7   2
8   3
9   19
10  5
11  30
12  36
13  9
14  35
15  31
16  24
17  33
18  13
19  22
20  28
21  39
22  26
23  2
24  4
25  35
26  4
27  13
28  18
29  15
30  0
31  3
32  7
33  33
34  29
35  35
36  9
37  2
38  23
39  4
40  6
41  13
42  13
43  2
44  12
45  12
46  18
47  30
48  38
49  19
50  16
51  25
52  35
53  32
54  16
55  1
56  5
57  21
58  24
59  35
60  2
61  23
62  33
63  2
64  24
65  37
66  34
67  10
68  5
69  39
70  3
71  21
72  38
73  7
74  9
75  13
76  5
77  6
78  35
79  24
80  12
81  19
82  35
83  33
84  32
85  10
86  29
87  14
88  19
89  24
90  35
91  21
92  4
93  36
94  26
95  14
96  16
97  34
98  36
99  12
100 39
101 18
102 38
103 6
104 17
105 5
106 2
107 39
108 25
109 19
110 9
111 22
112 11
113 5
114 24
115 22
116 36
117 36
118 11
119 23
120 35
121 10
122 39
123 13
124 4
125 1
126 14
127 21
128 0
129 33
130 35
131 37
132 8
133 18
134 9
135 36
136 36
137 32
138 24
139 16
140 19
141 6
142 1
143 5
144 5
145 22
146 36
147 34
148 8
149 0
150 34
151 0
152 2
153 7
154 16
155 15
156 23
157 0
158 34
159 18
160 23
161 18
162 7
163 5
164 35
165 15
166 24
167 5
168 18
169 5
170 5
171 0
172 38
173 4
174 18
175 24
176 38
177 35
178 13
179 4
180 12
181 32
182 5
183 36
184 1
185 35
186 33
187 35
188 13
189 17
190 39
191 29
192 31
193 12
194 28
195 30
196 21
197 24
198 10
199 3
200 12
201 10
202 35
203 0
204 34
205 29
206 16
207 36
208 9
209 5
210 6
211 12
212 21
213 3
214 39
215 31
216 33
217 22
218 1
219 0
220 34
221 35
222 26
223 5
224 6
225 35
226 36
227 6
228 36
229 5
230 30
231 26
232 21
233 6
234 33
235 1
236 6
237 17
238 14
239 35
240 24
241 39
242 24
243 24
244 17
245 15
246 35
247 0
248 9
249 24
250 24
251 30
252 35
253 29
254 1
255 39
256 4
257 0
258 5
259 28
260 14
261 13
262 18
263 22
264 35
265 29
266 30
267 29
268 26
269 39
270 14
271 23
272 10
273 27
274 33
275 1
276 26
277 14
278 2
279 24
280 24
281 23
282 34
283 20
284 25
285 15
286 29
287 38
288 34
289 19
290 31
291 35
292 4
293 5
294 5
295 34
296 18
297 37
298 36
299 3
300 12
301 28
302 13
303 23
304 25
305 35
306 23
307 0
308 17
309 34
310 27
311 33
312 35
313 4
314 18
315 35
316 38
317 25
318 36
319 7
320 6
321 18
322 5
323 14
324 4
325 12
326 13
327 14
328 38
329 6
330 16
331 36
332 26
333 35
334 20
335 0
336 35
337 38
338 16
339 24
340 18
341 3
342 6
343 4
344 15
345 39
346 39
347 6
348 8
349 31
350 18
351 25
352 38
353 38
354 12
355 2
356 35
357 26
358 9
359 30
360 23
361 27
362 4
363 39
364 32
365 12
366 18
367 3
368 30
369 36
370 17
371 6
372 37
373 25
374 36
375 35
376 3
377 12
378 4
379 6
380 1
381 17
382 18
383 24
384 16
385 24
386 30
387 33
388 29
389 13
390 39
391 6
392 34
393 39
394 39
395 18
396 37
397 6
398 0
399 28
400 10
401 9
402 39
403 5
404 19
405 37
406 39
407 30
408 18
409 5
410 20
411 8
412 28
413 12
414 32
415 8
416 22
417 37
418 13
419 11
420 3
421 30
422 20
423 2
424 24
425 18
426 30
427 33
428 14
429 25
430 35
431 32
432 4
433 35
434 25
435 24
436 32
437 31
438 16
439 5
440 0
441 19
442 28
443 18
444 6
445 20
446 14
447 35
448 1
449 31
450 11
451 12
452 11
453 22
454 2
455 19
456 2
457 38
458 27
459 34
460 6
461 36
462 18
463 26
464 37
465 13
466 9
467 39
468 24
469 29
470 37
471 19
472 2
473 36
474 39
475 18
476 30
477 32
478 27
479 32
480 28
481 6
482 34
483 13
484 26
485 12
486 29
487 10
488 15
489 3
490 2
491 24
492 28
493 20
494 12
495 6
496 5
497 1
498 15
499 34
500 36
501 33
502 35
503 10
504 17
505 12
506 39
507 9
508 34
509 34
510 14
511 32
512 3
513 28
514 34
515 4
516 36
517 0
518 4
519 7
520 7
521 1
522 6
523 1
524 36
525 28
526 10
527 20
528 16
529 35
530 18
531 39
532 6
533 36
534 25
535 6
536 16
537 38
538 37
539 0
540 10
541 34
542 22
543 37
544 35
545 12
546 30
547 0
548 17
549 33
550 4
551 27
552 35
553 36
554 29
555 27
556 34
557 36
558 38
559 19
560 25
561 23
562 18
563 36
564 21
565 9
566 34
567 29
568 29
569 7
570 25
571 1
572 11
573 32
574 19
575 35
576 37
577 33
578 4
579 4
580 5
581 22
582 35
583 31
584 24
585 35
586 13
587 10
588 37
589 3
590 15
591 28
592 37
593 25
594 1
595 25
596 27
597 0
598 12
599 37
600 35
601 18
602 30
603 2
604 7
605 5
606 35
607 11
608 17
609 5
610 35
611 34
612 9
613 2
614 5
615 36
616 21
617 21
618 0
619 20
620 35
621 23
622 12
623 2
624 39
625 37
626 26
627 28
628 3
629 35
630 14
631 24
632 34
633 8
634 0
635 25
636 34
637 17
638 10
639 38
640 32
641 34
642 33
643 23
644 12
645 27
646 25
647 6
648 28
649 23
650 4
651 32
652 4
653 6
654 25
655 24
656 38
657 39
658 39
659 35
660 38
661 34
662 29
663 38
664 36
665 12
666 24
667 11
668 28
669 1
670 21
671 23
672 7
673 0
674 30
675 35
676 3
677 35
678 27
679 3
680 13
681 26
682 39
683 25
684 11
685 6
686 3
687 19
688 18
689 17
690 13
691 15
692 33
693 24
694 5
695 11
696 15
697 28
698 32
699 22
700 39
701 19
702 39
703 14
704 38
705 27
706 23
707 9
708 23
709 1
710 18
711 24
712 2
713 35
714 13
715 29
716 32
717 5
718 11
719 23
720 24
721 36
722 35
723 1
724 34
725 14
726 0
727 8
728 39
729 3
730 21
731 30
732 0
733 35
734 17
735 6
736 3
737 38
738 18
739 5
740 1
741 20
742 8
743 12
744 10
745 15
746 15
747 13
748 33
749 17
750 18
751 15
752 26
753 12
754 12
755 16
756 8
757 16
758 23
759 19
760 4
761 7
762 6
763 27
764 35
765 35
766 2
767 5
768 8
769 2
770 6
771 29
772 36
773 5
774 17
775 29
776 38
777 7
778 36
779 30
780 37
781 5
782 24
783 5
784 4
785 28
786 30
787 8
788 24
789 12
790 11
791 26
792 20
793 3
794 2
795 10
796 12
797 0
798 9
799 17
800 39
801 39
802 15
803 35
804 10
805 34
806 4
807 5
808 4
809 6
810 2
811 11
812 5
813 21
814 24
815 26
816 21
817 35
818 14
819 11
820 28
821 34
822 26
823 0
824 35
825 39
826 2
827 26
828 27
829 16
830 7
831 2
832 2
833 36
834 30
835 20
836 5
837 15
838 17
839 39
840 15
841 31
842 19
843 13
844 31
845 8
846 27
847 36
848 35
849 35
850 35
851 35
852 31
853 24
854 35
855 13
856 38
857 39
858 12
859 0
860 17
861 24
862 5
863 6
864 1
865 2
866 24
867 2
868 8
869 7
870 36
871 15
872 11
873 4
874 9
875 39
876 13
877 30
878 5
879 12
880 26
881 10
882 2
883 24
884 1
885 30
886 26
887 23
888 37
889 16
890 32
891 8
892 28
893 20
894 23
895 9
896 29
897 1
898 3
899 30
900 7
901 5
902 5
903 34
904 28
905 38
906 35
907 2
908 36
909 12
910 0
911 5
912 7
913 5
914 25
915 16
916 39
917 0
918 6
919 1
920 3
921 32
922 35
923 14
924 27
925 4
926 16
927 13
928 14
929 11
930 31
931 3
932 12
933 18
934 12
935 13
936 8
937 34
938 31
939 34
940 37
941 24
942 25
943 30
944 11
945 32
946 4
947 23
948 16
949 30
950 3
951 7
952 16
953 15
954 26
955 25
956 6
957 18
958 23
959 16
960 28
961 37
962 32
963 24
964 35
965 10
966 21
967 18
968 4
969 39
970 15
971 10
972 29
973 36
974 37
975 35
976 37
977 18
978 1
979 0
980 24
981 34
982 26
983 17
984 19
985 35
986 4
987 35
988 35
989 5
990 17
991 33
992 35
993 27
994 32
995 5
996 15
997 35
998 38
999 2
1000 16
1001 10
1002 22
1003 4
1004 33
1005 27
1006 11
1007 5
1008 4
1009 10
1010 5
1011 33
1012 15
1013 0
1014 6
1015 4
1016 27
1017 6
1018 9
1019 33
1020 35
1021 4
1022 19
1023 35
1024 39
1025 10
1026 6
1027 20
1028 3
1029 14
1030 3
1031 11
1032 34
1033 39
1034 36
1035 34
1036 1
1037 33
1038 32
1039 1
1040 1
1041 17
1042 5
1043 35
1044 34
1045 35
1046 2
1047 32
1048 21
1049 5
1050 20
1051 5
1052 20
1053 4
1054 3
1055 21
1056 21
1057 10
1058 37
1059 19
1060 25
1061 0
1062 0
1063 18
1064 23
1065 26
1066 18
1067 34
1068 0
1069 14
1070 4
1071 34
1072 0
1073 37
1074 18
1075 35
1076 16
1077 3
1078 21
1079 35
