0
0.0 0.0
1.0 0.0
2.0 0.0
3.0 2.9402659040798085
4.0 2000.0
5.0 2000.0
6.0 778.8591686902926
7.0 0.0
8.0 0.0
9.0 0.0
1
0.0 1272.9022762731254
1.0 0.0
2.0 0.0
3.0 0.0
4.0 1675.1222738354966
5.0 659.8400351943142
6.0 0.0
7.0 0.0
8.0 0.0
9.0 247.76924585255955
2
0.0 0.0
1.0 0.0
2.0 0.0
3.0 0.0
4.0 1288.585888852678
5.0 1612.879164367147
6.0 1072.8458031288212
7.0 0.0
8.0 0.0
9.0 0.0
3
0.0 0.0
1.0 0.0
2.0 0.0
3.0 1225.6646915825495
4.0 1101.4913078334407
5.0 2000.0
6.0 2000.0
7.0 2000.0
8.0 1409.057187411479
9.0 0.0
4
0.0 0.0
1.0 0.0
2.0 0.0
3.0 0.0
4.0 0.0
5.0 0.0
6.0 88.20043601588168
7.0 143.7159596184099
8.0 2000.0
9.0 2000.0
5
0.0 0.0
1.0 1262.9459845439221
2.0 2000.0
3.0 1574.0326470197576
4.0 0.0
5.0 0.0
6.0 0.0
7.0 0.0
8.0 0.0
9.0 0.0
6
0.0 0.0
1.0 379.8022115329018
2.0 476.1687235667398
3.0 2000.0
4.0 2000.0
5.0 746.8621339695254
6.0 0.0
7.0 0.0
8.0 0.0
9.0 88.62799407232558
7
0.0 0.0
1.0 881.3302116772858
2.0 2000.0
3.0 402.7247180573301
4.0 0.0
5.0 0.0
6.0 0.0
7.0 0.0
8.0 1671.9961852125032
9.0 2000.0
8
0.0 0.0
1.0 0.0
2.0 0.0
3.0 1292.0666281865163
4.0 1984.6715292842541
5.0 78.69889599688307
6.0 0.0
7.0 0.0
8.0 0.0
9.0 0.0
9
0.0 1557.9478802796843
1.0 0.0
2.0 809.7745544922694
3.0 106.73389421075719
4.0 1406.7143158071956
5.0 885.4182254533179
6.0 0.0
7.0 1660.5122987109517
8.0 2000.0
9.0 2000.0
10
0.0 0.0
1.0 0.0
2.0 1983.1224344230577
3.0 2000.0
4.0 2000.0
5.0 377.0229906666423
6.0 1509.8832800288626
7.0 2000.0
8.0 2000.0
9.0 2000.0
11
0.0 407.8294673183578
1.0 0.0
2.0 0.0
3.0 0.0
4.0 0.0
5.0 0.0
6.0 0.0
7.0 882.8179353412846
8.0 0.0
9.0 0.0
12
0.0 0.0
1.0 0.0
2.0 0.0
3.0 1014.8743963364684
4.0 0.0
5.0 0.0
6.0 1033.2165858571204
7.0 252.4516943099133
8.0 0.0
9.0 0.0
13
0.0 0.0
1.0 0.0
2.0 0.0
3.0 0.0
4.0 0.0
5.0 1012.3061261675446
6.0 1137.5263371501737
7.0 0.0
8.0 705.0459716986204
9.0 2000.0
14
0.0 0.0
1.0 0.0
2.0 0.0
3.0 0.0
4.0 0.0
5.0 0.0
6.0 0.0
7.0 1653.415386149822
8.0 2000.0
9.0 2000.0
15
0.0 0.0
1.0 0.0
2.0 0.0
3.0 0.0
4.0 1579.9566162560748
5.0 2000.0
6.0 360.0847645770209
7.0 0.0
8.0 0.0
9.0 205.05566309062218
16
0.0 0.0
1.0 236.41130441948422
2.0 2000.0
3.0 2000.0
4.0 1620.0506044477318
5.0 634.5083108758995
6.0 0.0
7.0 0.0
8.0 0.0
9.0 0.0
17
0.0 1021.1211859057023
1.0 1714.1167063185362
2.0 2000.0
3.0 2000.0
4.0 2000.0
5.0 2000.0
6.0 2000.0
7.0 1270.2826887212452
8.0 1618.4686823408222
9.0 2000.0
18
0.0 0.0
1.0 0.0
2.0 0.0
3.0 0.0
4.0 0.0
5.0 1725.675988384065
6.0 59.41785721637416
7.0 1055.4245304225028
8.0 552.5551165750944
9.0 0.0
19
0.0 0.0
1.0 15.546970624477074
2.0 0.0
3.0 0.0
4.0 0.0
5.0 0.0
6.0 0.0
7.0 742.7387881658802
8.0 2000.0
9.0 2000.0
20
0.0 0.0
1.0 391.3310442932918
2.0 0.0
3.0 0.0
4.0 0.0
5.0 0.0
6.0 0.0
7.0 0.0
8.0 0.0
9.0 0.0
21
0.0 0.0
1.0 0.0
2.0 0.0
3.0 357.54920165627624
4.0 1372.7641244085537
5.0 1938.6279844834035
6.0 0.0
7.0 0.0
8.0 0.0
9.0 0.0
22
0.0 689.5404304003705
1.0 0.0
2.0 0.0
3.0 0.0
4.0 172.20232425771087
5.0 1169.7902710065318
6.0 2000.0
7.0 1708.3193087597194
8.0 0.0
9.0 804.7052849114991
23
0.0 0.0
1.0 0.0
2.0 0.0
3.0 0.0
4.0 0.0
5.0 0.0
6.0 51.85874593496287
7.0 2000.0
8.0 518.1298827815422
9.0 0.0
24
0.0 0.0
1.0 0.0
2.0 0.0
3.0 1746.4972972717599
4.0 2000.0
5.0 2000.0
6.0 155.68994136000038
7.0 0.0
8.0 0.0
9.0 0.0
25
0.0 0.0
1.0 0.0
2.0 1058.9862554517358
3.0 765.1352895753272
4.0 0.0
5.0 0.0
6.0 0.0
7.0 0.0
8.0 0.0
9.0 0.0
26
0.0 0.0
1.0 0.0
2.0 0.0
3.0 0.0
4.0 750.3723118799339
5.0 2000.0
6.0 2000.0
7.0 1412.9299509354141
8.0 0.0
9.0 0.0
27
0.0 0.0
1.0 0.0
2.0 0.0
3.0 0.0
4.0 0.0
5.0 0.0
6.0 1847.1008426330152
7.0 2000.0
8.0 90.1954094049291
9.0 0.0
28
0.0 0.0
1.0 0.0
2.0 1297.461251876003
3.0 2000.0
4.0 2000.0
5.0 2000.0
6.0 1387.9522863955956
7.0 0.0
8.0 0.0
9.0 1923.4305922142241
29
0.0 564.8516584613965
1.0 1187.7033160405672
2.0 0.0
3.0 0.0
4.0 113.04241350187283
5.0 2000.0
6.0 182.7796489165543
7.0 0.0
8.0 0.0
9.0 0.0
30
0.0 0.0
1.0 2.5433083975529787
2.0 3.0
3.0 3.0
4.0 3.0
5.0 1.303402699283028
6.0 0.0
7.0 0.0
8.0 0.0
9.0 0.15873751706141803
31
0.0 0.0
1.0 0.0
2.0 0.0
3.0 0.0
4.0 1.378984665345555
5.0 0.0
6.0 0.0
7.0 0.0
8.0 0.0
9.0 0.0
32
0.0 0.0
1.0 0.0
2.0 0.0
3.0 0.0
4.0 0.0
5.0 1.3637458157420266
6.0 0.0
7.0 0.0
8.0 0.0
9.0 0.0
33
0.0 0.41808165287493537
1.0 0.8062523647930782
2.0 1.1414774580940883
3.0 1.6173262850444834
4.0 0.0
5.0 0.0
6.0 0.0
7.0 1.6441541621534963
8.0 3.0
9.0 3.0
34
0.0 1.381383678930172
1.0 0.0
2.0 0.2473844660191018
3.0 2.1961222171191963
4.0 3.0
5.0 3.0
6.0 3.0
7.0 2.283949163338212
8.0 0.0
9.0 1.20239905344563
35
0.0 0.0
1.0 0.0
2.0 0.0
3.0 0.0
4.0 0.0
5.0 0.0
6.0 0.0
7.0 2.3912955574800066
8.0 0.0
9.0 0.0
36
0.0 0.0
1.0 0.0
2.0 0.0
3.0 0.0
4.0 1.6414797620956967
5.0 0.0
6.0 0.0
7.0 0.0
8.0 0.0
9.0 2.7500297232981943
37
0.0 1.8696851089636652
1.0 0.0
2.0 0.35453172499291163
3.0 1.9538936573152639
4.0 0.0
5.0 0.0
6.0 0.6121856368124012
7.0 3.0
8.0 1.371887701975604
9.0 2.414562584601974
38
0.0 1.4559606880920892
1.0 2.9303962569278017
2.0 3.0
3.0 1.8613713433780248
4.0 0.0
5.0 0.0
6.0 0.6454314234718215
7.0 3.0
8.0 3.0
9.0 0.8085494114112581
39
0.0 0.0
1.0 1.150590993813035
2.0 2.3925876186274224
3.0 0.2848630410354671
4.0 0.626489268678724
5.0 0.0
6.0 0.35395980037617125
7.0 0.1474757271633358
8.0 0.22904167453394653
9.0 0.0
40
0.0 0.0
1.0 0.0
2.0 0.0
3.0 0.0
4.0 0.0
5.0 0.0
6.0 1.606066415679571
7.0 0.37932249568056786
8.0 0.0
9.0 0.0
41
0.0 0.0
1.0 0.0
2.0 2.0991186853382438
3.0 0.0
4.0 0.0
5.0 0.0
6.0 0.5180971543331641
7.0 2.845053224989
8.0 0.7632998509589077
9.0 3.0
42
0.0 0.9105042721300887
1.0 1.99174873646028
2.0 3.0
3.0 1.7659940746961578
4.0 0.03180470360279175
5.0 0.8046255639074875
6.0 0.0
7.0 0.7350611929147064
8.0 0.7036435545953195
9.0 2.9420164213118394
43
0.0 0.0
1.0 0.0
2.0 0.0
3.0 0.0
4.0 0.0
5.0 0.0
6.0 0.0
7.0 0.0
8.0 0.0
9.0 0.9187622951346182
44
0.0 0.0
1.0 0.0
2.0 0.08074746889908724
3.0 0.0
4.0 1.2543083452019026
5.0 2.2868950697703614
6.0 0.0
7.0 0.9201091687533598
8.0 2.9222802826435004
9.0 0.0
45
0.0 0.0
1.0 0.0
2.0 0.0
3.0 0.0
4.0 1.9937075110862073
5.0 0.0
6.0 0.0
7.0 0.7820617468780551
8.0 3.0
9.0 3.0
46
0.0 0.0
1.0 1.970896216921449
2.0 3.0
3.0 1.4806384104033428
4.0 0.0
5.0 0.11992002811276237
6.0 0.0
7.0 0.0
8.0 0.0
9.0 0.0
47
0.0 0.9265877926285988
1.0 0.0
2.0 0.0
3.0 0.14267616642225356
4.0 0.5516023309714018
5.0 0.0
6.0 0.0
7.0 0.6868020381597786
8.0 3.0
9.0 3.0
48
0.0 0.0
1.0 0.0
2.0 0.0
3.0 0.0
4.0 0.0
5.0 0.0
6.0 0.09223264612623616
7.0 0.0
8.0 1.6497117751186776
9.0 1.220374714073289
49
0.0 0.0
1.0 0.7087937608502514
2.0 0.0
3.0 0.0
4.0 0.0
5.0 0.9622458171218238
6.0 3.0
7.0 3.0
8.0 3.0
9.0 2.3129569654190902
