0   0     30    128   149   151   157   171   203   219   247   257   307   335   398   440   517   539   547   597   618   634   673   726   732   797   823   859   910   917   979   1013  1061  1062  1068  1072 
1   6     55    125   142   184   218   235   254   275   380   448   497   521   523   571   594   669   709   723   740   864   884   897   919   978   1036  1039  1040 
2   1     7     23    37    43    60    63    106   152   278   355   423   454   456   472   490   603   613   623   712   766   769   794   810   826   831   832   865   867   882   907   999   1046 
3   8     31    70    199   213   299   341   367   376   420   489   512   589   628   676   679   686   729   736   793   898   920   931   950   1028  1030  1054  1077 
4   24    26    39    92    124   173   179   256   292   313   324   343   362   378   432   515   518   550   578   579   650   652   760   784   806   808   873   925   946   968   986   1003  1008  1015  1021  1053  1070 
5   2     4     10    56    68    76    105   113   143   144   163   167   169   170   182   209   223   229   258   293   294   322   403   409   439   496   580   605   609   614   694   717   739   767   773   781   783   807   812   836   862   878   901   902   911   913   989   995   1007  1010  1042  1049  1051 
6   40    77    103   141   210   224   227   233   236   320   329   342   347   371   379   391   397   444   460   481   495   522   532   535   647   653   685   735   762   770   809   863   918   956   1014  1017  1026 
7   32    73    153   162   319   519   520   569   604   672   761   777   830   869   900   912   951  
8   132   148   348   411   415   633   727   742   756   768   787   845   868   891   936  
9   13    36    74    110   134   208   248   358   401   466   507   565   612   707   798   874   895   1018 
10  67    85    121   198   201   272   400   487   503   526   540   587   638   744   795   804   881   965   971   1001  1009  1025  1057 
11  112   118   419   450   452   572   607   667   684   695   718   790   811   819   872   929   944   1006  1031 
12  44    45    80    99    180   193   200   211   300   325   354   365   377   413   451   485   494   505   545   598   622   644   665   743   753   754   789   796   858   879   909   932   934  
13  5     18    27    41    42    75    123   178   188   261   302   326   389   418   465   483   586   680   690   714   747   843   855   876   927   935  
14  87    95    126   238   260   270   277   323   327   428   446   510   630   703   725   818   923   928   1029  1069 
15  3     29    155   165   245   285   344   488   498   590   691   696   745   746   751   802   837   840   871   953   970   996   1012 
16  50    54    96    139   154   206   330   338   384   438   528   536   755   757   829   889   915   926   948   952   959   1000  1076 
17  104   189   237   244   308   370   381   504   548   608   637   689   734   749   774   799   838   860   983   990   1041 
18  28    46    101   133   159   161   168   174   262   296   314   321   340   350   366   382   395   408   425   443   462   475   530   562   601   688   710   738   750   933   957   967   977   1063  1066  1074 
19  9     49    81    88    109   140   289   404   441   455   471   559   574   687   701   759   842   984   1022  1059 
20  283   334   410   422   445   493   527   619   741   792   835   893   1027  1050  1052 
21  57    71    91    127   196   212   232   564   616   617   670   730   813   816   966   1048  1055  1056  1078 
22  19    111   115   145   217   263   416   453   542   581   699   1002 
23  38    61    119   156   160   271   281   303   306   360   561   621   643   649   671   706   708   719   758   887   894   947   958   1064 
24  16    58    64    79    89    114   138   166   175   197   240   242   243   249   250   279   280   339   383   385   424   435   468   491   584   631   655   666   693   711   720   782   788   814   853   861   866   883   941   963   980  
25  51    108   284   304   317   351   373   429   434   534   560   570   593   595   635   646   654   683   914   942   955   1060 
26  22    94    222   231   268   276   332   357   463   484   626   681   752   791   815   822   827   880   886   954   982   1065 
27  273   310   361   458   478   551   555   596   645   678   705   763   828   846   924   993   1005  1016 
28  20    194   259   301   399   412   442   480   492   513   525   591   627   648   668   697   785   820   892   904   960  
29  34    86    191   205   253   265   267   286   388   469   486   554   567   568   662   715   771   775   896   972  
30  11    47    195   230   251   266   359   368   386   407   421   426   476   546   602   674   731   779   786   834   877   885   899   943   949  
31  15    192   215   290   349   437   449   583   841   844   852   930   938  
32  53    84    137   181   364   414   431   436   477   479   511   573   640   651   698   716   890   921   945   962   994   1038  1047 
33  17    33    62    83    129   186   216   234   274   311   387   427   501   549   577   642   692   748   991   1004  1011  1019  1037 
34  66    97    147   150   158   204   220   282   288   295   309   392   459   482   499   508   509   514   541   556   566   611   632   636   641   661   724   805   821   903   937   939   981   1032  1035  1044  1067  1071 
35  14    25    35    52    59    78    82    90    120   130   164   177   185   187   202   221   225   239   246   252   264   291   305   312   315   333   336   356   375   430   433   447   502   529   544   552   575   582   585   600   606   610   620   629   659   675   677   713   722   733   764   765   803   817   824   848   849   850   851   854   906   922   964   975   985   987   988   992   997   1020  1023  1043  1045  1075  1079 
36  12    93    98    116   117   135   136   146   183   207   226   228   298   318   331   369   374   461   473   500   516   524   533   553   557   563   615   664   721   772   778   833   847   870   908   973   1034 
37  65    131   297   372   396   405   417   464   470   538   543   576   588   592   599   625   780   888   940   961   974   976   1058  1073 
38  48    72    102   172   176   287   316   328   337   352   353   457   537   558   639   656   660   663   704   737   776   856   905   998  
39  21    69    100   107   122   190   214   241   255   269   345   346   363   390   393   394   402   406   467   474   506   531   624   657   658   682   700   702   728   800   801   825   839   857   875   916   969   1024  1033 
